DR=0:HCOLOR=7:screen 12
for i=1 to 94
READ A,B 
IF A=255 AND B<>255 THEN DR=0 : READ A,B  :' GOTO 60
IF A=254 THEN
 DR=0 : READ C,D  :  pset c,d : 'goto 20 : rem locate c,d:paint-(b=1),c,d:goto 20
 else
IF DR=0 THEN
DR=1 : pset A,B :aa=a:bb=b: REM draw,a,b: else draw to a,b
else
 line (aa,bb)-(a,b) :aa=a:bb=b: REM hplot to a,b
end if
end if
next i
locate 21 ,3 : PRINT "APPLESOFT - APPLE ii / APPLE 2" : REM char,10,10,"basic":char,13,13,"v3.5"
INPUT A$: REM getkeya$:graphicclr
 DATA 255 , 1 , 35 , 11 , 58 , 11 , 58 , 33 , 113 , 33 , 113 , 11 , 125 , 11 , 136 , 22 , 136 , 94 , 127 , 94 , 127 , 56 , 64
 DATA 56 , 62 , 54 , 53 , 54 , 52 , 56 , 45 , 56 , 45 , 65 , 35 , 72 , 35 , 11 , 254 , 2 , 37 , 69 , 255 , 1 , 33 , 72 , 33
 DATA 10 , 126 , 10 , 138 , 22 , 138 , 95 , 86 , 95 , 86 , 100 , 82 , 108 , 78 , 113 , 74 , 116 , 68 , 125 , 60 , 129 , 60
 DATA 140 , 10 , 140 , 10 , 109 , 9 , 109 , 9 , 81 , 13 , 75 , 20 , 69 , 21 , 65 , 25 , 58 , 30 , 55 , 33 , 54 , 33 , 54 , 30
 DATA 56 , 26 , 58 , 22 , 65 , 21 , 69 , 14 , 75 , 10 , 81 , 10 , 108 , 11 , 109 , 11 , 139 , 40 , 139 , 40 , 118 , 48 , 118
 DATA 52 , 114 , 52 , 95 , 50 , 92 , 50 , 82 , 65 , 69 , 65 , 57 , 62 , 55 , 59 , 55 , 62 , 58 , 62 , 65 , 61 , 66 , 54 , 66
 DATA 51 , 63 , 42 , 70 , 30 , 76 , 18 , 85 , 18 , 84 , 30 , 75 , 26 , 74 , 23 , 71 , 26 , 73 , 30 , 74 , 33 , 72 , 255 , 1
 DATA 50 , 61 , 52 , 54 , 60 , 55 , 61 , 58 , 61 , 65 , 54 , 65 , 50 , 61 , 255 , 1 , 51 , 92 , 51 , 82 , 66 , 69 , 66 , 57
 DATA 125 , 57 , 125 , 94 , 52 , 94 , 51 , 90 , 255 , 1 , 60 , 11 , 111 , 11 , 111 , 32 , 60 , 32 , 60 , 11 , 255 , 1 , 96
 DATA 14 , 107 , 14 , 107 , 28 , 96 , 28 , 96 , 14 , 254 , 3 , 62 , 31 , 255 , 1 , 98 , 15 , 105 , 15 , 105 , 27 , 98 , 27
 DATA 98 , 15 , 254 , 2 , 99 , 26 , 255 , 1 , 47 , 57 , 50 , 57 , 50 , 59 , 47 , 63 , 47 , 57 , 255 , 1 , 41 , 139 , 41 , 119
 DATA 48 , 119 , 53 , 114 , 53 , 105 , 57 , 107 , 65 , 107 , 65 , 109 , 69 , 114 , 73 , 114 , 73 , 116 , 67 , 125 , 59 , 128
 DATA 59 , 139 , 41 , 139 , 255 , 1 , 53 , 95 , 53 , 100 , 58 , 97 , 53 , 95 , 255 , 1 , 57 , 98 , 53 , 100 , 53 , 95 , 74 , 95
 DATA 64 , 105 , 63 , 105 , 65 , 103 , 60 , 98 , 57 , 98 , 255 , 1 , 78 , 95 , 85 , 95 , 85 , 100 , 81 , 108 , 78 , 112 , 73
 DATA 113 , 70 , 113 , 67 , 109 , 67 , 106 , 78 , 95 , 255 , 1 , 68 , 106 , 68 , 109 , 70 , 112 , 72 , 112 , 76 , 111 , 77
 DATA 108 , 73 , 105 , 68 , 106 , 255 , 1 , 54 , 104 , 62 , 106 , 64 , 103 , 60 , 99 , 57 , 99 , 54 , 101 , 54 , 104 , 255 , 1
 DATA 126 , 11 , 137 , 22 , 137 , 94 , 254 , 1 , 34 , 11 , 254 , 1 , 59 , 11 , 254 , 1 , 97 , 15 , 254 , 1 , 106 , 27 , 254 , 1 
 DATA 112 , 15 , 254 , 1 , 126 , 94 , 254 , 1 , 75 , 96 , 254 , 1 , 46 , 57 , 255 , 255 